222222222222222222222222222222222222
222222222222222222222222222222222222
222222222222222222222222222222222222
222222222222222222222222222222222222
222222222222222222222222222222222222
222222222222222222222222222222222222
222222222222222222222222222222222222
222222222222222222222222222222222222
222222222222222222222222222222222222
222222222222222222222222222222222222
222222222222222222222222222222222222
222222222222222222222222222222222222
222222222222222222222222222222222222
222222222222222222222222222222222222
222222222222222222222222222222222222
222222222222222222222222222222222222
222222222222222222222222222222222222
222222222222222222222222222222222222
222222222222222222222222222222222222
222222222222222222222222222222222222
222222222222222222222222222222222222
222222222222222222222222222222222222
222222222222222222222222222222222222
222222222222222222222222222222222222
222222222222222222222222222222222222
222222222222222222222222222222222222
222222222222222222222222222222222222
222222222222222222222222222222222222
222222222222222222222222222222222222
222222222222222222222222222222222222
222222222222222222222222222222222222
222222222222222222222222222222222222
222222222222222222222222222222222222
222222222222222222222222222222222222
222222222222222222222222222222222222
222222222222222222222222222222222222
222222222222222222222222222222222222
222222222222222222222222222222222222
222222222222222222222222222222222222
222222222222222222222222222222222222
222222222222222222222222222222222222
222222222222222222222222222222222222
222222222222222222222222222222222222
222222222222222222222222222222222222
222222222222222222222222222222222222
222222222222222222222222222222222222
222222222222222222222222222222222222
222222222222222222222222222222222222
222222222222222222222222222222222222
222222222222222222222222222222222222
222222222222222222222222222222222222
222222222222222222222222222222222222
222222222222222222222222222222222222
222222222222222222222222222222222222
222222222222222222222222222222222222
222222222222222222222222222222222222
222222222222222222222222222222222222
222222222222222222222222222222222222
222222222222222222222222222222222222
222222222222222222222222222222222222
222222222222222222222222222222222222
222222222222222222222222222222222222
222222222222222222222222222222222222
222222222222222222222222222222222222
222222222222222222222222222222222222
222222222222222222222222222222222222
222222222222222222222222222222222222
222222222222222222222222222222222222
222222222222222222222222222222222222
222222222222222222222222222222222222
222222222222222222222222222222222222
222222222222222222222222222222222222
222222222222222222222222222222222222
222222222222222222222222222222222222
222222222222222222222222222222222222
222222222222222222222222222222222222
222222222222222222222222222222222222
222222222222222222222222222222222222
222222222222222222222222222222222222
222222222222222222222222222222222222
222222222222222222222222222222222222
222222222222222222222222222222222222
222222222222222222222222222222222222
222222222222222222222222222222222222
222222222222222222222222222222222222
222222222222222222222222222222222222
222222222222222222222222222222222222
222222222222222222222222222222222222
222222222222222222222222222222222222
222222222222222222222222222222222222
222222222222222222222222222222222222
222222222222222222222222222222222222
222222222222222222222222222222222222
222222222222222222222222222222222222
222222222222222222222222222222222222
222222222222222222222222222222222222
222222222222222222222222222222222222
222222222222222222222222222222222222
222222222222222222222222222222222222
222222222222222222222222222222222222
222222222222222222222222222222222222
222222222222222222222222222222222222
222222222222222222222222222222222222
222222222222222222222222222222222222
222222222222222222222222222222222222
222222222222222222222222222222222222
222222222222222222222222222222222222
222222222222222222222222222222222222
222222222222222222222222222222222222
222222222222222222222222222222222222
222222222222222222222222222222222222
222222222222222222222222222222222222
222222222222222222222222222222222222
222222222222222222222222222222222222
222222222222222222222222222222222222
222222222222222222222222222222222222
222222222222222222222222222222222222
222222222222222222222222222222222222
222222222222222222222222222222222222
222222222222222222222222222222222222
222222222222222222222222222222222222
222222222222222222222222222222211112
222222222222222222222222222222212222
222222222222222222222222222222212222
222222222222222222222222222222212222
222222222222222222222222222211112222
222222222222222222222222222212222222
222222222222222222222222222212222222
222222222222222222222222222212222222
222222222222222222222222222212222222
222222222222222222222211111112222222
222222222222222222222212222222222222
222222222222222222222212222222222222
222222222222222222222212222222222222
222222222222222222222212222222222222
222222222222221111111112222222222222
222222222222221222222222222222222222
222222222222221222222222222222222222
222222222221111222222222222222222222
222222222221222222222222222222222222
222222222221222222222222222222222222
222222222221222222222222222222222222
222222222221222222222222222222222222
222222222221222222222222222222222222
222222222221222222222222222222222222
222222222111222222222222222222222222
222222222122222222222222222222222222
222211111122222222222222222222222222
222212222222222222222222222222222222
211112222222222222222222222222222222
212222222222222222222222222222222222
212222222222222222222222222222222222
211111111222222222222222222222222222
221222222222222222222222222222222222
221111111222222222222222222222222222
222222222222222222222222222222222222
